  0.233
  0.234
  0.234
  0.234
  0.235
  0.235
  0.235
  0.236
  0.236
  0.236
  0.237
  0.237
  0.238
  0.239
  0.240
  0.240
  0.241
  0.241
  0.242
  0.243
  0.243
  0.245
  0.245
  0.246
  0.247
  0.247
  0.248
  0.249
  0.250
  0.250
  0.251
  0.252
  0.253
  0.254
  0.255
  0.256
  0.257
  0.257
  0.258
  0.259
  0.260
  0.261
  0.262
  0.263
  0.264
  0.265
  0.265
  0.266
  0.268
  0.269
  0.270
  0.271
  0.272
  0.272
  0.274
  0.276
  0.277
  0.278
  0.279
  0.280
  0.281
  0.283
  0.285
  0.286
  0.287
  0.289
  0.290
  0.291
  0.293
  0.295
  0.297
  0.298
  0.300
  0.302
  0.303
  0.306
  0.308
  0.309
  0.311
  0.313
  0.315
  0.317
  0.320
  0.322
  0.324
  0.326
  0.329
  0.332
  0.334
  0.338
  0.340
  0.342
  0.346
  0.349
  0.352
  0.355
  0.358
  0.363
  0.367
  0.370
  0.376
  0.383
  0.387
  0.394
  0.399
  0.404
  0.411
  0.416
  0.422
  0.431
  0.437
  0.444
  0.451
  0.458
  0.470
  0.478
  0.493
  0.501
  0.513
  0.524
  0.536
  0.556
  0.571
  0.597
  0.616
  0.638
  0.661
  0.706
  0.740
  0.781
  0.832
  0.932
  1.017
  1.103
  1.152
  0.901
  0.648
  0.272
  0.116
  0.037
  0.004
  0.000
  0.000
  0.000
  0.000
  0.000
  0.000
  0.000
  0.000
  0.000
