  MODULATION100  MODULATION98  PARCOURS     NUMERO     21-APR-06 
  1.5            1.5           19.9             102
  2.2            2.7           22.9             113
  2.5            2.7           25.3              74
  2.9            3.4           26.4             177
  3.2            3.2            3.3             126
  3.6            4.0           23.7              52
  3.7            3.7            3.8            1003
  4.7            5.4           21.0             117
  4.8            4.8            4.8            1009
  4.9            5.2           27.3             178
  5.0            5.7           22.2             106
  5.2            5.7           26.8              85
  5.4            5.4            5.6             176
  6.0            6.8           26.6             156
  6.2            6.6           25.1              83
  6.2            7.8           27.4             169
  6.3            6.9           23.6             168
  6.3            6.7           28.2              72
  6.5            6.7           30.6             184
  6.6            6.6            5.8             123
  6.7            0.0           24.5              47
  6.9            7.5           13.4              96
  6.9            7.6           29.1             185
  7.1            7.8           20.4             109
  7.1            7.8           26.0            1002
  7.2            7.9           24.5               2
  7.3            8.6           23.4            1004
  7.4            7.4            7.4             137
  7.4            7.8           27.8               1
  8.0            8.7           10.0             180
  8.1            8.2           18.1              87
  8.2            8.6           27.6            1059
  8.2            9.0           29.3              59
  8.3            8.9           16.4             128
  8.3            8.5           22.3               4
  8.8            9.7           24.2             148
  8.8            9.2           30.1            1007
  9.0            9.2            9.4             140
  9.2            9.9           25.6               6
  9.2            9.7           30.0               7
  9.3           10.2           27.3              42
  9.6           10.3           29.4            1044
  9.8            9.8            9.8             104
  9.8            0.0           11.1               9
  9.9            9.9           10.2             105
  9.9           10.6           25.9             162
 10.0           10.4           17.1              10
 10.0           10.2           22.1               8
 10.0           10.3           27.0              45
 10.1            0.0           29.3              44
 10.4           11.2           16.1            1063
 10.4           11.0           16.2              68
 10.4           10.9           24.6              11
 10.4           11.5           25.7            1045
 10.6           11.3           28.8             136
 10.7           11.4           12.8             158
 10.7           11.2           23.1              88
 10.7           11.3           23.6              84
 10.8           11.0           11.9             108
 10.8           11.4           25.3            1084
 10.9           11.4           16.8            1006
 10.9           11.4           27.7              12
 11.3           12.3           23.9            1001
 11.4           12.1           18.4             118
 11.4           12.0           19.7              43
 11.5           11.5           11.6             189
 11.6           12.2           15.4              77
 11.6           12.0           25.2              13
 11.6           12.3           27.4             165
 11.7            0.0           12.7              14
 11.8           12.1           25.0              15
 11.9           12.3           30.0            1078
 12.1           12.9           21.5             121
 12.2           12.4           12.4              17
 12.2           13.0           26.3             161
 12.3           13.5           13.1             116
 12.4           12.8           15.2             188
 12.4           12.8           20.3              71
 12.5           13.0           25.4              18
 12.6           13.2           26.2             100
 12.9           12.9           12.9            1010
 12.9           12.9           29.0             112
 13.0           13.9           30.5             129
 13.1           13.8           21.1              76
 13.1           14.7           23.9            1079
 13.3           14.9           18.9             172
 13.3           14.0           21.7             196
 13.4           13.9           17.9             153
 13.5           13.8           23.5              79
 13.5           14.2           25.9             179
 13.5           14.3           29.9            1019
 13.6           13.8           14.8             173
 13.9           15.0           18.4             171
 14.0           14.6           21.4              56
 14.1           15.8           19.5             164
 14.2           14.8           26.2             151
 14.3           15.0           21.9            1051
 14.4           15.1           25.2              91
 14.4           15.1           30.4              90
 14.5           15.3           14.5             183
 14.6           15.4           13.8             122
 14.8           14.8           14.8             167
 14.9           14.9           15.1              86
 14.9           15.6           25.6              23
 14.9           15.4           26.6             143
 15.0           15.7           25.0             144
 15.1           15.8           27.2              97
 15.2            0.0           23.1              48
 15.2           16.1           29.3             142
 15.4           15.6           15.6              70
 15.4           15.9           18.4              89
 15.4           15.6           28.9              24
 15.5           16.0           17.5            1082
 15.5           16.6           21.9            1026
 15.7           15.7           15.7            1070
 15.8           17.0           27.2             160
 16.0           16.7           26.9             166
 16.1           16.7           24.0             120
 16.1           16.7           25.9              27
 16.1           16.9           30.6             152
 16.2           16.8           28.5              25
 16.3           17.0           18.0             119
 16.7           17.8           21.2            1028
 16.7           17.4           22.5              29
 16.8           17.5           27.0              30
 16.8           17.7           30.6             145
 16.9           17.5           22.7              61
 17.0           17.6           20.0              80
 17.0           17.6           23.6             135
 17.0           17.6           24.1            1031
 17.0           17.6           28.6             138
 17.2           17.7           20.0             114
 17.6           17.9           27.4             192
 17.6           18.4           30.2              33
 17.7           17.7           18.0             191
 17.7           18.3           24.0             149
 17.7           18.3           27.8              34
 17.8           18.4           22.8              62
 17.9            0.0           17.9              35
 18.0           18.8           20.0             163
 18.0           18.4           25.2              36
 18.0           18.6           28.6             131
 18.3           19.2           22.5              98
 18.3           19.5           28.0            1058
 18.3           18.3           30.6              73
 18.4           19.0           18.5             133
 18.4           19.2           30.6             127
 18.5           19.4           25.0             155
 18.7           19.0           28.5              58
 18.8           19.4           24.7             134
 18.8           19.3           26.1              54
 18.9           19.5           27.4              92
 19.1           19.8           21.3            1055
 19.1           20.2           30.4             146
 19.3           21.3           25.2             150
 19.5           20.6           20.2             181
 19.6           20.2           24.8             125
 19.6           20.4           26.0             103
 19.7           20.6           29.8             159
 19.8           20.4           22.8             190
 19.8           19.8           26.5              67
 19.9           20.0           21.1             186
 19.9           19.9           28.1              63
 19.9           19.9           29.0              93
 20.0           21.4           24.0             147
 20.3           20.3           20.4             111
 20.3            0.0           22.9              39
 20.4           21.3           26.5             195
 20.5           21.5           22.6             187
 20.5           21.0           30.5            1069
 20.6           21.1           24.0              46
 20.7           21.1           23.2              57
 20.7           20.9           28.1              53
 21.0           22.1           26.3            1018
 21.1           22.3           28.4             139
 21.4           22.0           23.5              95
 21.4           22.1           30.7            1094
 21.6           22.3           22.5            1095
 21.6           22.0           27.4              40
 21.9           21.9           29.9              66
 22.2           23.0           26.6             141
 22.3           22.3           27.1             110
 22.4           23.2           25.9             115
 22.7           23.3           22.7            1050
 22.7           22.7           30.6             124
 23.0           24.1           27.2             174
 23.2            0.0           24.0              49
 23.2           23.7           27.4             101
 23.3           23.9           27.1              81
 23.5           23.5           23.7             193
 23.8           25.0           30.1             157
 24.1           24.1           24.1             197
 24.1           24.9           29.8             130
 24.2           24.2           24.2             199
 24.8           25.3           26.2             175
 25.5           26.5           26.7             132
 25.7           26.6           30.1             170
 26.8           27.7           30.6             154
 26.8           26.8           30.8              75
 28.2           28.6           29.0            1011
